0 0.3313309163330229 0.7443546897543478 0.5808886062697007 0.5112906204913045
15 0.7521505649038461 0.8008338653846153 0.6165960745192307 0.5152587860576923 0.6015887163461539 0.50777421875 0.5695215480769231 0.5199694879807693 0.5309619375 0.5419627019230769 0.4078020745192308 0.5844035673076923 0.4033014663461539 0.5919782451923077 0.4700218413461539 0.71904425 0.5015727259615385 0.7935257259615385 0.5452724543269231 0.8780446418269231 0.7521505649038461 0.8008338653846153
2 1 0.7906963413461539 0.8457979951923077 0.8091924663461539 0.7651967307692308 0.8398454399038461 0.6966530456730768 0.8761732548076923 0.6594011153846153 0.9049980024038462 0.6329903485576923 0.9370286634615385 0.6288547956730769 0.9620537403846154 0.6398938076923077 0.9886367211538462 0.6489583918269232 1 0.7911620120192308 1 1 0.9205781033653846 1 0.7906963413461539
24 1 0.6767238125 0.9961740216346153 0.6757838701923077 0.8369633245192307 0.7348665432692307 0.8116623894230769 0.7503516682692308 0.8099443509615385 0.7656627379807692 0.7772842932692308 0.7912754110576923 0.7963059567307693 0.8236171730769232 0.8698065697115385 0.8015276826923077 0.9226587451923076 0.7667701009615384 0.9864586706730769 0.7542328990384616 1 0.7681397716346154 1 0.6767238125
10 0.04088859615384615 0.2636905745192308 0.07434005048076922 0.33158618028846154 0.11160730048076924 0.3174132980769231 0.079281 0.2476240264423077 0.04088859615384615 0.2636905745192308
10 0.24842153605769232 0.31521847596153846 0.2769160576923077 0.3688757548076923 0.3265753052884615 0.3485243822115385 0.3016387668269231 0.29791129567307695 0.24842153605769232 0.31521847596153846
10 0.20584695913461537 0.22880588942307692 0.24147277403846154 0.3032034230769231 0.2809903293269231 0.28524320432692307 0.24693066826923077 0.21611313701923077 0.20584695913461537 0.22880588942307692
10 0.019464740384615382 0.25571468509615386 0.01647085576923077 0.25702414903846155 0.022557069711538463 0.3519981850961538 0.062206526442307696 0.3362006057692308 0.019464740384615382 0.25571468509615386
10 0.18647819471153845 0.5278600288461539 0.09742131971153846 0.34919213221153844 0.024162634615384614 0.3770526947115385 0.02833931730769231 0.4422289302884615 0.10006863942307692 0.5592561466346153 0.18647819471153845 0.5278600288461539
10 0.11328003846153846 0.3416952307692308 0.20060355048076922 0.5210223317307693 0.3040882379807692 0.4845982451923077 0.21702319951923077 0.30370707451923074 0.11328003846153846 0.3416952307692308
10 0.4335260552884615 0.2272332764423077 0.39815937259615386 0.23482028605769228 0.32744132692307687 0.2646461706730769 0.41268174278846154 0.4418339423076923 0.5176413197115385 0.40631471875 0.4335260552884615 0.2272332764423077
10 0.8197115384615384 0.3998544108086018 0.3605769230769231 0.7028036546530056